Date	Price	Open	High	Low	Change
Feb 73	7.520	7.520	7.520	7.520	-6.00%
Mar 73	7.550	7.550	7.550	7.550	0.40%
Apr 73	7.530	7.530	7.530	7.530	-0.26%
May 73	7.390	7.390	7.390	7.390	-1.86%
Jun 73	7.300	7.300	7.300	7.300	-1.22%
Jul 73	7.490	7.490	7.490	7.490	2.60%
Aug 73	7.580	7.580	7.580	7.580	1.20%
Sep 73	7.750	7.750	7.750	7.750	2.24%
Oct 73	7.690	7.690	7.690	7.690	-0.77%
Nov 73	8.060	8.060	8.060	8.060	4.81%
Dec 73	8.160	8.160	8.160	8.160	1.24%
Jan 74	8.550	8.550	8.550	8.550	4.78%
Feb 74	8.160	8.160	8.160	8.160	-4.56%
Mar 74	7.810	7.810	7.810	7.810	-4.29%
Apr 74	7.810	7.810	7.810	7.810	0.00%
May 74	7.870	7.870	7.870	7.870	0.77%
Jun 74	7.870	7.870	7.870	7.870	0.00%
Jul 74	7.870	7.870	7.870	7.870	0.00%
Aug 74	8.130	8.130	8.130	8.130	3.30%
Sep 74	8.060	8.060	8.060	8.060	-0.86%
Oct 74	8.060	8.060	8.060	8.060	0.00%
Nov 74	8.060	8.060	8.060	8.060	0.00%
Dec 74	8.130	8.130	8.130	8.130	0.87%
Jan 75	8.130	8.130	8.130	8.130	0.00%
Feb 75	7.750	7.750	7.750	7.750	-4.67%
Mar 75	7.750	7.750	7.750	7.750	0.00%
Apr 75	8.000	8.000	8.000	8.000	3.23%
May 75	8.100	8.100	8.100	8.100	1.25%
Jun 75	8.400	8.400	8.400	8.400	3.70%
Jul 75	8.510	8.510	8.510	8.510	1.31%
Aug 75	8.930	8.930	8.930	8.930	4.94%
Sep 75	8.940	8.940	8.940	8.940	0.11%
Oct 75	8.810	8.810	8.810	8.810	-1.45%
Nov 75	9.090	9.090	9.090	9.090	3.18%
Dec 75	8.970	8.970	8.970	8.970	-1.32%
Jan 76	8.910	8.910	8.910	8.910	-0.67%
Feb 76	8.930	8.930	8.930	8.930	0.22%
Mar 76	8.970	8.970	8.970	8.970	0.45%
Apr 76	8.970	8.970	8.970	8.970	0.00%
May 76	9.300	9.300	9.300	9.300	3.68%
Jun 76	9.010	9.010	9.010	9.010	-3.12%
Jul 76	8.970	8.970	8.970	8.970	-0.44%
Aug 76	9.010	9.010	9.010	9.010	0.45%
Sep 76	8.850	8.850	8.850	8.850	-1.78%
Oct 76	8.970	8.970	8.970	8.970	1.36%
Nov 76	8.930	8.930	8.930	8.930	-0.45%
Dec 76	8.930	8.930	8.930	8.930	0.00%
Jan 77	8.810	8.810	8.810	8.810	-1.34%
Feb 77	8.870	8.870	8.870	8.870	0.68%
Mar 77	8.820	8.820	8.820	8.820	-0.56%
Apr 77	8.850	8.850	8.850	8.850	0.34%
May 77	8.830	8.830	8.830	8.830	-0.23%
Jun 77	8.880	8.880	8.880	8.880	0.57%
Jul 77	8.730	8.730	8.730	8.730	-1.69%
Aug 77	8.730	8.730	8.730	8.730	0.00%
Sep 77	8.730	8.730	8.730	8.730	0.00%
Oct 77	8.550	8.550	8.550	8.550	-2.06%
Nov 77	8.620	8.620	8.620	8.620	0.82%
Dec 77	8.230	8.230	8.230	8.230	-4.52%
Jan 78	8.100	8.100	8.100	8.100	-1.58%
Feb 78	8.130	8.130	8.130	8.130	0.37%
Mar 78	8.330	8.330	8.330	8.330	2.46%
Apr 78	8.580	8.580	8.580	8.580	3.00%
May 78	8.440	8.440	8.440	8.440	-1.63%
Jun 78	8.330	8.330	8.330	8.330	-1.30%
Jul 78	7.970	7.970	7.970	7.970	-4.32%
Aug 78	8.160	8.160	8.160	8.160	2.38%
Sep 78	7.970	7.970	7.970	7.970	-2.33%
Oct 78	7.660	7.660	7.660	7.660	-3.89%
Nov 78	8.330	8.330	8.330	8.330	8.75%
Dec 78	8.230	8.230	8.230	8.230	-1.20%
Jan 79	8.290	8.290	8.290	8.290	0.73%
Feb 79	8.220	8.220	8.220	8.220	-0.84%
Mar 79	8.160	8.160	8.160	8.160	-0.73%
Apr 79	8.370	8.370	8.370	8.370	2.57%
May 79	8.160	8.160	8.160	8.160	-2.51%
Jun 79	8.060	8.060	8.060	8.060	-1.23%
Jul 79	7.960	7.960	7.960	7.960	-1.24%
Aug 79	8.030	8.030	8.030	8.030	0.88%
Sep 79	8.070	8.070	8.070	8.070	0.50%
Oct 79	8.400	8.400	8.400	8.400	4.09%
Nov 79	8.030	8.030	8.030	8.030	-4.40%
Dec 79	8.000	8.000	8.000	8.000	-0.37%
Jan 80	8.060	8.060	8.060	8.060	0.75%
Feb 80	8.060	8.060	8.060	8.060	0.00%
Mar 80	8.220	8.220	8.220	8.220	1.99%
Apr 80	7.900	7.900	7.900	7.900	-3.89%
May 80	7.750	7.750	7.750	7.750	-1.90%
Jun 80	7.800	7.800	7.800	7.800	0.65%
Jul 80	7.800	7.800	7.800	7.800	0.00%
Aug 80	7.750	7.750	7.750	7.750	-0.64%
Sep 80	7.750	7.750	7.750	7.750	0.00%
Oct 80	7.720	7.720	7.720	7.720	-0.39%
Nov 80	7.820	7.820	7.820	7.820	1.30%
Dec 80	7.940	7.940	7.940	7.940	1.53%
Jan 81	8.100	8.100	8.100	8.100	2.02%
Feb 81	8.330	8.330	8.330	8.330	2.84%
Mar 81	8.270	8.270	8.270	8.270	-0.72%
Apr 81	8.330	8.330	8.330	8.330	0.73%
May 81	8.480	8.480	8.480	8.480	1.80%
Jun 81	8.620	8.620	8.620	8.620	1.65%
Jul 81	9.000	9.000	9.000	9.000	4.41%
Aug 81	9.050	9.050	9.050	9.050	0.56%
Sep 81	9.120	9.120	9.120	9.120	0.77%
Oct 81	9.130	9.130	9.130	9.130	0.11%
Nov 81	9.120	9.120	9.120	9.120	-0.11%
Dec 81	9.130	9.130	9.130	9.130	0.11%
Jan 82	9.140	9.140	9.140	9.140	0.11%
Feb 82	9.310	9.310	9.310	9.310	1.86%
Mar 82	9.350	9.350	9.350	9.350	0.43%
Apr 82	9.350	9.350	9.350	9.350	0.00%
May 82	9.390	9.390	9.390	9.390	0.43%
Jun 82	9.530	9.530	9.530	9.530	1.49%
Jul 82	9.560	9.560	9.560	9.560	0.31%
Aug 82	9.630	9.630	9.630	9.630	0.73%
Sep 82	9.710	9.710	9.710	9.710	0.83%
Oct 82	9.710	9.710	9.710	9.710	0.00%
Nov 82	9.740	9.740	9.740	9.740	0.31%
Dec 82	9.620	9.620	9.620	9.620	-1.23%
Jan 83	9.910	9.910	9.910	9.910	3.01%
Feb 83	9.960	9.960	9.960	9.960	0.50%
Mar 83	10.020	10.020	10.020	10.020	0.60%
Apr 83	10.000	10.000	10.000	10.000	-0.20%
May 83	9.980	9.980	9.980	9.980	-0.20%
Jun 83	10.090	10.090	10.090	10.090	1.10%
Jul 83	10.140	10.140	10.140	10.140	0.50%
Aug 83	10.220	10.220	10.220	10.220	0.79%
Sep 83	10.200	10.200	10.200	10.200	-0.20%
Oct 83	10.290	10.290	10.290	10.290	0.88%
Nov 83	10.420	10.420	10.420	10.420	1.26%
Dec 83	10.490	10.490	10.490	10.490	0.67%
Jan 84	10.760	10.760	10.760	10.760	2.57%
Feb 84	10.690	10.690	10.690	10.690	-0.65%
Mar 84	10.760	10.760	10.760	10.760	0.65%
Apr 84	10.930	10.930	10.930	10.930	1.58%
May 84	11.050	11.050	11.050	11.050	1.10%
Jun 84	11.220	11.220	11.220	11.220	1.54%
Jul 84	11.550	11.550	11.550	11.550	2.94%
Aug 84	11.600	11.600	11.600	11.600	0.43%
Sep 84	11.920	11.920	11.920	11.920	2.76%
Oct 84	12.120	12.120	12.120	12.120	1.68%
Nov 84	12.290	12.290	12.290	12.290	1.40%
Dec 84	12.380	12.380	12.380	12.380	0.73%
Jan 85	12.670	12.670	12.670	12.670	2.34%
Feb 85	12.930	12.930	12.930	12.930	2.05%
Mar 85	12.200	12.200	12.200	12.200	-5.65%
Apr 85	12.430	12.430	12.430	12.430	1.89%
May 85	12.470	12.470	12.470	12.470	0.32%
Jun 85	12.400	12.400	12.400	12.400	-0.56%
Jul 85	11.800	11.800	11.800	11.800	-4.84%
Aug 85	11.960	11.960	11.960	11.960	1.36%
Sep 85	11.970	11.970	11.970	11.970	0.08%
Oct 85	12.050	12.050	12.050	12.050	0.67%
Nov 85	12.050	12.050	12.050	12.050	0.00%
Dec 85	12.110	12.110	12.110	12.110	0.50%
Jan 86	12.340	12.340	12.340	12.340	1.90%
Feb 86	12.270	12.270	12.270	12.270	-0.57%
Mar 86	12.310	12.310	12.310	12.310	0.33%
Apr 86	12.300	12.300	12.300	12.300	-0.08%
May 86	12.770	12.770	12.770	12.770	3.82%
Jun 86	12.420	12.420	12.420	12.420	-2.74%
Jul 86	12.580	12.580	12.580	12.580	1.29%
Aug 86	12.540	12.540	12.540	12.540	-0.32%
Sep 86	12.770	12.770	12.770	12.770	1.83%
Oct 86	12.980	12.980	12.980	12.980	1.64%
Nov 86	13.100	13.100	13.100	13.100	0.92%
Dec 86	13.120	13.120	13.120	13.120	0.15%
Jan 87	13.040	13.040	13.040	13.040	-0.61%
Feb 87	13.050	13.050	13.050	13.050	0.08%
Mar 87	12.940	12.940	12.940	12.940	-0.84%
Apr 87	12.650	12.650	12.650	12.650	-2.24%
May 87	12.840	12.840	12.840	12.840	1.50%
Jun 87	12.890	12.890	12.890	12.890	0.39%
Jul 87	13.110	13.110	13.110	13.110	1.71%
Aug 87	13.050	13.050	13.050	13.050	-0.46%
Sep 87	13.110	13.110	13.110	13.110	0.46%
Oct 87	12.990	12.990	12.990	12.990	-0.92%
Nov 87	12.890	12.890	12.890	12.890	-0.77%
Dec 87	12.750	12.750	12.750	12.750	-1.09%
Jan 88	13.080	13.080	13.080	13.080	2.59%
Feb 88	13.060	13.060	13.060	13.060	-0.15%
Mar 88	12.960	12.960	12.960	12.960	-0.77%
Apr 88	13.210	13.210	13.210	13.210	1.93%
May 88	13.470	13.470	13.470	13.470	1.97%
Jun 88	14.070	14.070	14.070	14.070	4.45%
Jul 88	14.170	14.170	14.170	14.170	0.71%
Aug 88	14.360	14.360	14.360	14.360	1.34%
Sep 88	14.550	14.550	14.550	14.550	1.32%
Oct 88	14.970	14.970	14.970	14.970	2.89%
Nov 88	14.950	14.950	14.950	14.950	-0.13%
Dec 88	14.990	14.990	14.990	14.990	0.27%
Jan 89	15.180	15.180	15.180	15.180	1.27%
Feb 89	15.350	15.350	15.350	15.350	1.12%
Mar 89	15.630	15.630	15.630	15.630	1.82%
Apr 89	15.860	15.860	15.860	15.860	1.47%
May 89	16.280	16.280	16.280	16.280	2.65%
Jun 89	16.490	16.490	16.490	16.490	1.29%
Jul 89	16.440	16.440	16.440	16.440	-0.30%
Aug 89	16.650	16.650	16.650	16.650	1.28%
Sep 89	16.690	16.690	16.690	16.690	0.24%
Oct 89	16.880	16.880	16.880	16.880	1.14%
Nov 89	16.860	16.860	16.860	16.860	-0.12%
Dec 89	16.840	16.840	16.840	16.840	-0.12%
Jan 90	16.880	16.880	16.880	16.880	0.24%
Feb 90	16.960	16.960	16.960	16.960	0.47%
Mar 90	17.180	17.180	17.180	17.180	1.30%
Apr 90	17.300	17.300	17.300	17.300	0.70%
May 90	17.378	17.373	17.399	17.343	0.45%
Jun 90	17.489	17.483	17.548	17.381	0.64%
Jul 90	17.393	17.388	17.541	17.363	-0.55%
Aug 90	17.552	17.544	17.598	17.304	0.91%
Sep 90	18.080	18.075	18.270	17.544	3.01%
Oct 90	18.157	18.149	18.268	17.897	0.43%
Nov 90	18.187	18.182	18.207	18.015	0.17%
Dec 90	18.136	18.136	18.279	18.064	-0.28%
Jan 91	18.655	18.650	18.683	18.051	2.86%
Feb 91	19.075	19.069	19.174	18.565	2.25%
Mar 91	19.617	19.608	19.702	19.015	2.84%
Apr 91	20.212	20.206	20.373	19.604	3.03%
May 91	20.910	20.903	20.927	20.196	3.45%
Jun 91	21.202	21.195	21.247	20.907	1.40%
Jul 91	25.880	25.867	26.609	23.060	22.06%
Aug 91	25.800	25.790	26.257	25.510	-0.31%
Sep 91	25.803	25.786	26.038	25.714	0.01%
Oct 91	25.800	25.790	26.004	25.710	-0.01%
Nov 91	25.810	25.800	25.917	25.753	0.04%
Dec 91	25.795	25.783	25.942	25.727	-0.06%
Jan 92	26.001	25.991	26.154	25.767	0.80%
Feb 92	26.287	26.259	27.452	25.773	1.10%
Mar 92	31.348	31.299	31.795	28.011	19.25%
Apr 92	30.576	30.562	31.560	30.479	-2.46%
May 92	30.604	30.166	31.254	29.713	0.09%
Jun 92	30.840	30.609	31.008	29.762	0.77%
Jul 92	30.098	30.864	30.887	29.999	-2.41%
Aug 92	30.349	30.130	31.074	29.945	0.83%
Sep 92	30.048	30.303	30.317	29.936	-0.99%
Oct 92	30.062	30.075	30.386	29.945	0.05%
Nov 92	30.289	30.093	30.363	29.922	0.76%
Dec 92	30.831	30.257	30.984	30.193	1.79%
Jan 93	31.377	30.840	31.610	30.680	1.77%
Feb 93	32.868	31.392	33.724	31.192	4.75%
Mar 93	31.201	32.895	33.358	31.104	-5.07%
Apr 93	31.343	31.201	31.560	31.158	0.46%
May 93	31.377	31.348	31.432	31.289	0.11%
Jun 93	31.365	31.382	31.538	31.255	-0.04%
Jul 93	31.368	31.368	31.412	31.299	0.01%
Aug 93	31.377	31.365	31.403	31.350	0.03%
Sep 93	31.370	31.367	31.385	31.360	-0.02%
Oct 93	31.371	31.370	31.384	31.360	0.00%
Nov 93	31.371	31.367	31.376	31.363	0.00%
Dec 93	31.369	31.365	31.386	31.363	-0.01%
Jan 94	31.366	31.367	31.381	31.360	-0.01%
Feb 94	31.365	31.367	31.383	31.360	-0.00%
Mar 94	31.370	31.360	31.470	31.360	0.02%
Apr 94	31.367	31.363	31.388	31.355	-0.01%
May 94	31.370	31.367	31.380	31.360	0.01%
Jun 94	31.370	31.365	31.383	31.363	0.00%
Jul 94	31.370	31.367	31.385	31.350	0.00%
Aug 94	31.369	31.367	31.391	31.358	-0.00%
Sep 94	31.363	31.367	31.380	31.358	-0.02%
Oct 94	31.376	31.367	31.409	31.360	0.04%
Nov 94	31.395	31.375	31.442	31.363	0.06%
Dec 94	31.369	31.385	31.434	31.365	-0.08%
Jan 95	31.375	31.370	31.388	31.355	0.02%
Feb 95	31.426	31.372	31.456	31.360	0.16%
Mar 95	31.415	31.400	32.115	31.370	-0.04%
Apr 95	31.433	31.420	31.492	31.300	0.06%
May 95	31.425	31.430	31.467	31.320	-0.03%
Jun 95	31.400	31.390	31.445	31.310	-0.08%
Jul 95	31.415	31.400	31.435	31.350	0.05%
Aug 95	31.855	31.370	32.065	31.350	1.40%
Sep 95	33.925	31.780	35.015	31.780	6.50%
Oct 95	34.200	33.750	35.900	33.730	0.81%
Nov 95	34.895	34.000	35.008	33.900	2.03%
Dec 95	35.165	34.850	35.205	34.750	0.77%
Jan 96	36.450	35.180	36.750	35.150	3.65%
Feb 96	34.685	36.380	38.575	34.460	-4.84%
Mar 96	34.100	34.600	36.050	33.650	-1.69%
Apr 96	34.650	34.000	34.930	33.700	1.61%
May 96	34.950	34.500	35.870	34.250	0.87%
Jun 96	34.950	34.750	35.295	34.500	0.00%
Jul 96	35.550	34.850	36.060	34.600	1.72%
Aug 96	35.650	35.560	35.990	35.100	0.28%
Sep 96	35.650	35.500	36.060	35.350	0.00%
Oct 96	35.700	35.540	35.925	35.200	0.14%
Nov 96	35.722	35.660	35.865	35.400	0.06%
Dec 96	35.850	35.700	36.047	35.477	0.36%
Jan 97	35.850	35.710	35.990	35.620	0.00%
Feb 97	35.860	35.880	36.030	35.750	0.03%
Mar 97	35.875	35.850	36.045	35.750	0.04%
Apr 97	35.760	35.800	35.940	35.600	-0.32%
May 97	35.770	35.700	35.940	35.650	0.03%
Jun 97	35.800	35.782	35.920	35.380	0.08%
Jul 97	35.700	35.815	35.955	35.550	-0.28%
Aug 97	36.405	35.697	36.575	35.630	1.97%
Sep 97	36.175	36.300	36.795	36.050	-0.63%
Oct 97	36.350	36.170	36.470	36.050	0.48%
Nov 97	38.800	36.260	39.150	36.235	6.74%
Dec 97	39.200	38.450	39.950	38.450	1.03%
Jan 98	38.650	39.150	40.550	38.000	-1.40%
Feb 98	39.350	38.670	39.650	38.400	1.81%
Mar 98	39.505	39.290	39.625	39.044	0.39%
Apr 98	39.715	39.420	39.785	39.250	0.53%
May 98	41.650	39.500	41.880	39.500	4.87%
Jun 98	42.400	41.610	43.070	41.350	1.80%
Jul 98	42.550	42.370	42.750	42.000	0.35%
Aug 98	42.525	42.450	43.805	42.250	-0.06%
Sep 98	42.430	42.510	42.615	42.200	-0.22%
Oct 98	42.375	42.350	42.542	42.100	-0.13%
Nov 98	42.560	42.220	42.750	42.150	0.44%
Dec 98	42.470	42.500	42.727	42.350	-0.21%
Jan 99	42.490	42.450	42.632	42.350	0.05%
Feb 99	42.680	42.450	42.850	42.250	0.45%
Mar 99	42.405	42.530	42.715	42.100	-0.64%
Apr 99	42.810	42.380	43.130	42.200	0.96%
May 99	42.850	42.740	43.150	42.600	0.09%
Jun 99	43.380	42.900	43.490	42.750	1.24%
Jul 99	43.350	43.300	43.620	43.100	-0.07%
Aug 99	43.495	43.315	43.600	43.000	0.33%
Sep 99	43.630	43.460	43.920	43.350	0.31%
Oct 99	43.420	43.530	43.897	43.000	-0.48%
Nov 99	43.405	43.350	43.815	43.000	-0.03%
Dec 99	43.500	43.407	43.558	43.300	0.22%
Jan 00	43.625	43.480	43.775	43.350	0.29%
Feb 00	43.614	43.620	43.704	43.500	-0.03%
Mar 00	43.600	43.610	43.672	43.450	-0.03%
Apr 00	43.650	43.600	43.715	43.540	0.11%
May 00	44.575	43.652	44.815	43.550	2.12%
Jun 00	44.650	44.560	45.050	44.500	0.17%
Jul 00	45.050	44.640	45.170	44.255	0.90%
Aug 00	45.805	44.980	46.155	44.810	1.68%
Sep 00	45.980	45.720	46.480	45.500	0.38%
Oct 00	46.845	46.050	46.965	45.900	1.88%
Nov 00	46.870	46.750	46.977	46.380	0.05%
Dec 00	46.680	46.800	46.927	46.465	-0.41%
Jan 01	46.390	46.650	46.821	46.280	-0.62%
Feb 01	46.540	46.380	46.717	46.250	0.32%
Mar 01	46.710	46.550	47.040	46.210	0.37%
Apr 01	46.840	46.620	47.100	46.480	0.28%
May 01	47.000	46.840	47.147	46.617	0.34%
Jun 01	47.040	46.940	47.130	46.800	0.09%
Jul 01	47.130	46.990	47.620	46.980	0.19%
Aug 01	47.120	47.100	47.250	47.010	-0.02%
Sep 01	47.850	47.095	48.135	47.070	1.55%
Oct 01	47.990	47.860	48.260	47.670	0.29%
Nov 01	47.930	47.960	48.450	47.750	-0.13%
Dec 01	48.220	47.910	48.400	47.700	0.61%
Jan 02	48.510	48.250	48.655	48.000	0.60%
Feb 02	48.710	48.460	48.930	48.450	0.41%
Mar 02	48.780	48.660	48.900	48.600	0.14%
Apr 02	48.930	48.730	49.102	48.720	0.31%
May 02	49.010	48.920	49.120	48.850	0.16%
Jun 02	48.860	49.000	49.105	48.750	-0.31%
Jul 02	48.640	48.870	48.925	48.590	-0.45%
Aug 02	48.470	48.640	48.767	48.300	-0.35%
Sep 02	48.350	48.470	48.630	48.300	-0.25%
Oct 02	48.340	48.340	48.530	48.200	-0.02%
Nov 02	48.310	48.290	48.400	48.110	-0.06%
Dec 02	47.950	48.267	48.400	47.860	-0.75%
Jan 03	47.800	48.002	48.085	47.700	-0.31%
Feb 03	47.610	47.700	47.970	47.500	-0.40%
Mar 03	47.480	47.640	47.880	47.380	-0.27%
Apr 03	47.320	47.430	47.530	47.200	-0.34%
May 03	47.020	47.325	47.405	46.747	-0.63%
Jun 03	46.410	47.000	47.300	46.300	-1.30%
Jul 03	46.165	46.300	46.570	45.960	-0.53%
Aug 03	45.860	46.120	46.230	45.700	-0.66%
Sep 03	45.650	45.810	46.120	45.600	-0.46%
Oct 03	45.320	45.750	45.780	45.150	-0.72%
Nov 03	45.770	45.230	46.020	45.160	0.99%
Dec 03	45.625	45.720	45.825	45.400	-0.32%
Jan 04	45.270	45.585	45.750	45.170	-0.78%
Feb 04	45.205	45.200	45.370	45.100	-0.14%
Mar 04	43.350	45.190	45.382	43.300	-4.10%
Apr 04	44.470	43.250	44.510	43.250	2.58%
May 04	45.480	44.430	45.990	44.370	2.27%
Jun 04	45.975	45.400	46.320	44.860	1.09%
Jul 04	46.375	45.940	46.515	45.580	0.87%
Aug 04	46.315	46.400	46.490	46.110	-0.13%
Sep 04	45.925	46.250	46.367	45.690	-0.84%
Oct 04	45.335	45.890	45.935	45.280	-1.28%
Nov 04	44.500	45.310	45.520	44.450	-1.84%
Dec 04	43.250	44.520	44.770	43.230	-2.81%
Jan 05	43.645	43.370	44.080	43.280	0.91%
Feb 05	43.635	43.600	43.875	43.240	-0.02%
Mar 05	43.675	43.620	43.842	43.390	0.09%
Apr 05	43.430	43.630	43.850	43.380	-0.56%
May 05	43.700	43.580	43.778	43.130	0.62%
Jun 05	43.485	43.665	43.810	43.340	-0.49%
Jul 05	43.440	43.400	43.685	43.000	-0.10%
Aug 05	44.015	43.380	44.160	43.310	1.32%
Sep 05	43.955	43.990	44.135	43.700	-0.14%
Oct 05	45.070	43.870	45.405	43.850	2.54%
Nov 05	45.890	45.000	46.030	45.000	1.82%
Dec 05	44.995	45.820	46.387	44.840	-1.95%
Jan 06	43.925	45.080	45.120	43.890	-2.38%
Feb 06	44.275	43.900	44.645	43.900	0.80%
Mar 06	44.500	44.200	44.750	44.090	0.51%
Apr 06	44.900	44.450	45.400	44.390	0.90%
May 06	46.305	44.880	46.545	44.680	3.13%
Jun 06	45.880	46.200	46.470	45.600	-0.92%
Jul 06	46.500	45.820	47.040	45.800	1.35%
Aug 06	46.480	46.460	46.780	46.300	-0.04%
Sep 06	45.910	46.360	46.550	45.680	-1.23%
Oct 06	44.920	45.780	45.885	44.800	-2.16%
Nov 06	44.600	44.900	45.370	44.350	-0.71%
Dec 06	44.115	44.570	44.930	44.080	-1.09%
Jan 07	44.080	44.120	44.625	44.000	-0.08%
Feb 07	44.090	44.070	44.370	43.840	0.02%
Mar 07	43.120	44.050	44.695	42.750	-2.20%
Apr 07	41.045	43.150	43.330	40.550	-4.81%
May 07	40.375	41.150	41.470	40.140	-1.63%
Jun 07	40.525	40.300	41.220	40.130	0.37%
Jul 07	40.190	40.600	40.740	40.050	-0.83%
Aug 07	40.640	40.150	41.705	40.130	1.12%
Sep 07	39.660	40.630	40.990	39.400	-2.41%
Oct 07	39.195	39.550	39.960	39.080	-1.17%
Nov 07	39.520	39.150	39.900	39.000	0.83%
Dec 07	39.405	39.450	39.670	39.100	-0.29%
Jan 08	39.280	39.400	39.780	39.020	-0.32%
Feb 08	39.920	39.180	40.240	39.110	1.63%
Mar 08	40.030	39.780	40.830	39.600	0.28%
Apr 08	40.460	39.940	40.650	39.600	1.07%
May 08	42.160	40.580	43.200	40.250	4.20%
Jun 08	42.930	42.200	43.120	42.100	1.83%
Jul 08	42.483	42.800	43.550	41.730	-1.04%
Aug 08	43.870	42.360	44.140	41.740	3.26%
Sep 08	46.815	43.600	47.110	43.450	6.71%
Oct 08	49.325	46.670	50.280	46.020	5.36%
Nov 08	49.575	49.100	50.570	46.700	0.51%
Dec 08	48.620	49.350	50.580	46.400	-1.93%
Jan 09	48.850	48.670	49.320	47.900	0.47%
Feb 09	51.005	48.650	51.170	48.160	4.41%
Mar 09	50.570	50.820	52.130	50.020	-0.85%
Apr 09	49.725	50.660	50.710	49.320	-1.67%
May 09	47.120	49.710	50.020	46.660	-5.24%
Jun 09	47.750	47.080	48.940	46.570	1.34%
Jul 09	47.825	48.000	49.445	47.550	0.16%
Aug 09	48.690	47.700	49.050	47.140	1.81%
Sep 09	47.735	48.650	49.200	47.700	-1.96%
Oct 09	46.925	47.700	47.910	45.770	-1.70%
Nov 09	46.535	46.980	47.420	45.750	-0.83%
Dec 09	46.410	46.340	47.030	45.860	-0.27%
Jan 10	46.125	46.605	46.672	45.090	-0.61%
Feb 10	46.105	46.150	46.865	45.720	-0.04%
Mar 10	44.825	46.080	46.142	44.750	-2.78%
Apr 10	44.275	44.900	44.900	44.050	-1.23%
May 10	46.365	44.200	47.740	44.180	4.72%
Jun 10	46.445	46.300	47.450	45.490	0.17%
Jul 10	46.405	46.340	47.410	46.220	-0.09%
Aug 10	47.065	46.320	47.145	45.710	1.42%
Sep 10	44.570	47.020	47.020	44.540	-5.30%
Oct 10	44.325	44.530	44.820	43.970	-0.55%
Nov 10	45.800	44.270	46.110	43.810	3.33%
Dec 10	44.712	45.880	45.880	44.570	-2.38%
Jan 11	45.825	44.610	46.010	44.510	2.49%
Feb 11	45.265	45.900	45.930	44.860	-1.22%
Mar 11	44.535	45.260	45.362	44.500	-1.61%
Apr 11	44.255	44.480	44.695	43.882	-0.63%
May 11	45.060	44.210	45.428	44.140	1.82%
Jun 11	44.700	45.000	45.140	44.520	-0.80%
Jul 11	44.210	44.650	44.760	43.850	-1.10%
Aug 11	45.800	44.100	46.215	43.960	3.60%
Sep 11	49.020	45.740	49.885	45.650	7.03%
Oct 11	48.695	48.960	50.320	48.530	-0.66%
Nov 11	52.130	48.590	52.725	48.590	7.05%
Dec 11	53.015	52.090	54.320	50.940	1.70%
Jan 12	49.515	53.255	53.340	49.232	-6.60%
Feb 12	49.110	49.500	49.760	48.600	-0.82%
Mar 12	50.875	49.005	51.485	49.005	3.59%
Apr 12	52.665	50.840	52.865	50.509	3.52%
Apr 12	52.666	52.615	52.745	52.455	0.00%
May 12	56.040	52.730	56.520	52.480	6.41%
May 12	55.886	52.666	59.935	52.550	-0.28%
Jun 12	55.510	56.075	57.325	54.820	-0.67%
Jun 12	55.511	55.910	57.335	54.800	0.00%
Jul 12	55.560	55.480	56.430	54.170	0.09%
Jul 12	55.605	55.511	56.436	54.175	0.08%
Aug 12	55.525	55.650	56.195	54.955	-0.14%
Aug 12	55.526	55.605	56.201	54.910	0.00%
Sep 12	52.855	55.523	56.025	52.490	-4.81%
Sep 12	52.885	55.526	56.026	52.495	0.06%
Oct 12	53.805	52.820	54.204	51.350	1.74%
Oct 12	53.800	52.885	54.206	51.365	-0.01%
Nov 12	54.265	53.800	55.880	53.597	0.86%
Nov 12	54.285	53.791	55.875	53.607	0.04%
Dec 12	54.995	54.350	55.280	54.015	1.31%
Dec 12	54.741	54.265	55.276	54.030	-0.46%
Jan 13	53.275	54.990	55.380	53.060	-2.68%
Jan 13	53.289	54.741	55.382	53.076	0.03%
Feb 13	54.370	53.210	54.610	52.880	2.03%
Feb 13	54.146	53.293	54.421	52.890	-0.41%
Mar 13	54.285	54.360	55.130	53.890	0.26%
Apr 13	53.685	54.260	54.940	53.650	-1.11%
May 13	56.580	53.800	56.760	53.630	5.39%
Jun 13	59.533	56.500	60.760	56.300	5.22%
Jul 13	60.855	59.460	61.210	58.693	2.22%
Aug 13	65.705	60.750	68.800	60.225	7.97%
Sep 13	62.590	66.100	68.600	61.645	-4.74%
Oct 13	61.624	62.550	62.560	60.930	-1.54%
Nov 13	62.399	61.500	63.900	61.500	1.26%
Dec 13	61.810	62.350	62.533	60.830	-0.94%
Jan 14	62.685	61.818	63.320	61.315	1.42%
Feb 14	61.795	62.700	62.830	61.750	-1.42%
Mar 14	60.015	61.950	62.140	59.680	-2.88%
Apr 14	60.345	59.925	61.190	59.570	0.55%
May 14	59.195	60.260	60.270	58.250	-1.91%
Jun 14	60.060	59.100	60.530	58.970	1.46%
Jul 14	60.555	60.070	60.560	59.525	0.82%
Aug 14	60.520	60.740	61.755	60.345	-0.06%
Sep 14	61.940	60.505	61.940	60.197	2.35%
Oct 14	61.405	61.820	61.965	60.895	-0.86%
Nov 14	62.210	61.500	62.250	61.285	1.31%
Dec 14	63.035	62.050	63.885	61.760	1.33%
Jan 15	62.020	63.170	63.630	61.255	-1.61%
Feb 15	61.659	61.995	62.540	61.555	-0.58%
Mar 15	62.291	61.703	63.140	61.649	1.02%
Apr 15	63.529	62.282	63.780	61.920	1.99%
May 15	63.743	63.521	64.390	63.300	0.34%
Jun 15	63.604	63.723	64.330	63.410	-0.22%
Jul 15	63.988	63.599	64.270	63.243	0.60%
Aug 15	66.412	63.986	66.910	63.640	3.79%
Sep 15	65.517	66.388	66.913	65.470	-1.35%
Oct 15	65.423	65.514	65.700	64.629	-0.14%
Nov 15	66.462	65.403	66.945	65.320	1.59%
Dec 15	66.208	66.452	67.180	65.936	-0.38%
Jan 16	67.878	66.199	68.265	66.120	2.52%
Feb 16	68.208	67.868	68.909	67.485	0.49%
Mar 16	66.255	68.196	68.355	66.120	-2.86%
Apr 16	66.425	66.345	66.853	66.014	0.26%
May 16	67.209	66.415	67.780	66.225	1.18%
Jun 16	67.504	67.197	68.222	66.441	0.44%
Jul 16	66.655	67.499	67.570	66.600	-1.26%
Aug 16	66.909	66.656	67.070	66.560	0.38%
